00000000011110000000000000000000000000000000000000
00000000101101000000000000000000000000000000000000
00000001010010100000000000000000000000000000000000
00000010100001010000000000000000000000000000000000
00000101111111101000000000000000000000000000000000
00001011111111110100000000000000000000000000000000
00010100000000001010000000000000000000000000000000
00101000000000000101000000000000111100011110000000
01110000000000000011100000000001000010100001000000
00000000000000000000000000000010000001000000100000
00000000000000000000000000000010000000000000100000
00000000000000000000000000000001000000000001000000
00000000000000000000000000000000100000000010000000
00000000000000000000000000000000010000000100000000
00000000000000000000000000000000001000001000000000
00000011110001111000000000000000000100010000000000
00000100001010000100000000000000000010100000000000
00001000000100000010000000000000000001000000000000
00001000000000000010000000000000000000000000000000
00000100000000000100000000000000000000000000000000
00000010000000001000000000011100000000000000000000
00000001000000010000000000010100000000000000000000
00000000100000100000000000010100000000000000000000
00000000010001000000000000010100000000000000000000
00000000001010000000000000010100000000000000000000
00000000000100000000000000010100000000000000000000
00000000000000000000000000010100000000000000000000
00000000000000000000000000010100000000000000000000
00000000000000000000000000010100000000000000000000
00000000000000000000000000010011111111100000000000
00000000000000000000000000010000000000100000000000
00000000000000000000000000011111111111100000000000
00000000000000000000000000000000000000000000000000
00000000000000000000000000000111011100000000000000
00000000000000000000000000001000100010000000000000
00000000000000000000000000001000000010000000000000
00000000000000000000000000000100000100000000000000
00000000000000000000000000000010001000000000000000
00000000000000000000000000000001010000000000000000
00000000000000000000000000000000100000000000000000
00000000000000000000000000000000000000000000000000
00000000111011100000000000000000000000000000000000
00000001000100010000000000000000000000000000000000
00000001000000010000000000000000000000000000000000
00000000100000100000000000000000000000000000000000
00000000010001000000000000000000000000000000000000
00000000001010000000000000000000000000000000000000
00000000000100000000000000000000000000000000000000
00000000000000000000000000000000000000000000000000
00000000000000000000000000000000000000000000000000