000001111111111000000000000000111111111100000
000010000000000100000000000001000000000010000
000100000000000010000000000010000000000001000
001000000000000001000000000100000000000000100
010000000000000000100000001000000000000000010
100000000000000000010000010000000000000000001
100000000000000000001000100000000000000000001
100000000000000000000101000000000000000000001
100000000000000000000010000000000000000000001
100000000000000000000000000000000000000000001
100000000000000000000000000000000000000000001
010000000000000000000000000000000000000000010
001000000000000001111000111100000000000000100
000100000000000010000101000010000000000001000
000010000000000100000010000001000000000010000
000001000000000100000000000001000000000100000
000000100000000010000000000010000000001000000
000000010000000001000000000100000000010000000
000000001000000000100000001000000000100000000
000000000100000000010000010000000001000000000
000000000010000000001000100000000010000000000
000000000001000000000101000000000100000000000
000000000000100000000010000000001000000000000
000000000000010000000000000000010000000000000
000000000000001000000000000000100000000000000
000000000000000100000000000001000000000000000
000000000000000010000000000010000000000000000
000000000000000001000000000100000000000000000
000000000000000000100000001000000000000000000
000000000000000000010000010000000000000000000
000000000000000000001000100000000000000000000
000000000000000000000101000000000000000000000
000000000000000000000010000000000000000000000